PI = 3.14159265359
e = 2.71828182845
TWO_PI = 6.28318530718